150
PQ849442.1_63.498630 0.0000000 0.0258926 0.0264804 0.0253821 0.0172843 0.0191334 0.0474769 0.0187077 0.0187756 0.0196976 0.0193215 0.0167883 0.0168916 0.0172874 0.0205382 0.0195655 0.0194653 0.0186207 0.0194308 0.0206973 0.0199985 0.0200902 0.0224641 0.0225476 0.0226416 0.0218089 0.0232327 0.0222357 0.0207962 0.0230950 0.0229895 0.0249433 0.0242490 0.0235738 0.0231963 0.0231648 0.0225537 0.0230908 0.0233267 0.0202291 0.1596941 0.0475322 0.0198343 0.0185511 0.0194721 0.0147210 0.0148215 0.0184260 0.1755815 0.0181038 0.0182048 0.0177175 0.0181435 0.0175054 0.0176062 0.0175054 0.0177102 0.0176062 0.0203720 0.0206224 0.0206206 0.0197712 0.0075836 0.0202939 0.1730052 0.0176600 0.0172575 0.0072323 0.0082899 0.0188153 0.0192394 0.1620310 0.1623024 0.1610846 0.1615725 0.1615725 0.0937547 0.0068973 0.0185849 0.0181252 0.0177116 0.0179232 0.0196686 0.0175687 0.0195736 0.1682181 0.0179335 0.0179082 0.1687343 0.0187454 0.0170956 0.0005554 0.0151682 0.0185200 0.0080163 0.0171140 0.0158059 0.0155990 0.0156916 0.0156281 0.0154949 0.0157991 0.0159021 0.0153883 0.0174209 0.0177699 0.0182942 0.0185434 0.0178855 0.0180858 0.0184004 0.0177749 0.0177712 0.0176603 0.0199897 0.0187752 0.0173303 0.0166676 0.0163548 0.0163652 0.0162446 0.0146011 0.0173157 0.0184323 0.0177080 0.1679628 0.1611625 0.1705122 0.0476334 0.0152379 0.0175436 0.1689077 0.1620509 0.0186917 0.0151702 0.1640104 0.0474300 0.0152268 0.1623080 0.1664102 0.1618812 0.0005554 0.1667287 0.1677117 0.0206382 0.0165748 0.0170282 0.1622651 0.0182673 0.1630407 
PQ008648.1_77.300546 0.0258926 0.0000000 0.0297536 0.0288561 0.0197353 0.0216182 0.0593161 0.0218068 0.0211671 0.0223472 0.0255911 0.0196606 0.0199831 0.0202892 0.0231024 0.0227297 0.0221233 0.0215799 0.0222346 0.0243425 0.0228810 0.0231845 0.0253901 0.0256778 0.0262108 0.0255672 0.0266029 0.0255658 0.0236802 0.0268818 0.0267741 0.0280381 0.0269808 0.0265109 0.0267690 0.0265371 0.0256830 0.0266614 0.0262599 0.0233047 0.1731894 0.0593301 0.0230246 0.0256827 0.0230784 0.0283377 0.0284459 0.0211621 0.1881541 0.0208397 0.0210549 0.0207338 0.0212874 0.0204046 0.0205089 0.0204046 0.0206170 0.0205089 0.0237954 0.0231002 0.0235150 0.0230701 0.0236547 0.0241603 0.1877230 0.0209470 0.0209471 0.0231639 0.0230954 0.0216390 0.0220581 0.1763487 0.1766398 0.1753195 0.1758419 0.1758419 0.1003554 0.0228661 0.0204232 0.0214827 0.0210518 0.0212731 0.0228678 0.0210466 0.0221397 0.1819802 0.0209308 0.0205211 0.1817048 0.0218248 0.0201950 0.0254492 0.0181943 0.0208592 0.0237080 0.0198681 0.0186118 0.0182667 0.0183592 0.0181157 0.0181605 0.0184693 0.0185744 0.0180513 0.0205467 0.0206294 0.0209571 0.0211781 0.0209586 0.0209530 0.0212752 0.0206294 0.0214829 0.0206341 0.0220355 0.0216630 0.0207079 0.0200953 0.0197794 0.0197830 0.0226956 0.0220031 0.0209455 0.0213611 0.0209573 0.1819802 0.1757249 0.1821472 0.0593301 0.0219126 0.0206294 0.1833558 0.1766034 0.0208613 0.0181968 0.1766027 0.0589364 0.0181969 0.1771958 0.1815047 0.1766034 0.0254492 0.1815039 0.1825472 0.0334598 0.0197559 0.0193521 0.1766403 0.0208165 0.1767112 
PQ129495.1_76.915068 0.0264804 0.0297536 0.0000000 0.0028462 0.0169097 0.0187609 0.0574164 0.0178413 0.0173071 0.0131722 0.0257426 0.0168936 0.0167943 0.0199243 0.0203833 0.0198200 0.0186748 0.0186771 0.0192662 0.0217265 0.0136843 0.0139800 0.0157586 0.0227216 0.0228244 0.0225074 0.0241678 0.0221869 0.0213897 0.0171806 0.0170778 0.0187653 0.0184903 0.0173638 0.0170748 0.0117358 0.0165556 0.0169720 0.0167838 0.0142973 0.1659201 0.0574297 0.0138259 0.0260471 0.0153356 0.0274941 0.0276016 0.0120743 0.1794503 0.0177362 0.0178396 0.0173236 0.0178623 0.0172139 0.0173164 0.0172139 0.0174221 0.0173164 0.0206499 0.0128612 0.0147020 0.0133673 0.0230617 0.0215133 0.1787099 0.0177374 0.0177376 0.0226073 0.0214335 0.0178006 0.0127050 0.1658074 0.1660863 0.1648314 0.1653324 0.1653324 0.0947243 0.0222782 0.0176399 0.0180561 0.0176350 0.0178504 0.0205621 0.0178426 0.0189825 0.1726702 0.0176216 0.0172116 0.1722216 0.0137233 0.0167973 0.0258234 0.0152491 0.0184645 0.0231492 0.0167852 0.0160663 0.0152310 0.0155280 0.0154736 0.0151268 0.0156357 0.0157389 0.0152241 0.0171625 0.0172211 0.0177460 0.0179737 0.0175418 0.0174346 0.0178522 0.0172211 0.0220844 0.0176352 0.0200563 0.0180389 0.0178213 0.0124844 0.0121821 0.0123843 0.0228717 0.0226051 0.0211046 0.0177340 0.0176401 0.1726702 0.1650423 0.1728347 0.0574297 0.0221862 0.0172211 0.1747591 0.1689810 0.0182902 0.0152512 0.1691633 0.0570401 0.0152513 0.1695918 0.1722094 0.1689810 0.0258234 0.1725365 0.1732251 0.0324660 0.0196003 0.0161754 0.1690473 0.0179933 0.1674773 
PQ129494.1_76.808219 0.0253821 0.0288561 0.0028462 0.0000000 0.0156192 0.0176684 0.0565022 0.0168020 0.0162717 0.0121547 0.0247708 0.0156570 0.0155580 0.0188739 0.0193179 0.0187594 0.0178337 0.0176218 0.0182885 0.0208776 0.0130672 0.0133623 0.0149291 0.0218672 0.0219697 0.0216539 0.0230896 0.0213348 0.0205429 0.0163460 0.0162437 0.0179225 0.0177518 0.0167270 0.0162408 0.0108280 0.0159284 0.0161385 0.0161549 0.0136780 0.1666803 0.0565152 0.0130099 0.0250745 0.0143120 0.0263883 0.0264952 0.0110695 0.1799378 0.0166976 0.0168005 0.0162871 0.0168217 0.0161784 0.0162804 0.0161784 0.0163854 0.0162804 0.0200218 0.0118459 0.0136763 0.0125505 0.0219826 0.0204537 0.1791960 0.0166987 0.0164945 0.0215273 0.0203656 0.0167581 0.0118945 0.1669680 0.1672481 0.1659867 0.1664898 0.1664898 0.0938600 0.0212055 0.0166014 0.0168045 0.0163867 0.0166000 0.0197221 0.0168032 0.0179092 0.1736060 0.0166864 0.0161763 0.1730279 0.0127070 0.0157643 0.0247294 0.0142249 0.0173990 0.0220657 0.0157530 0.0150379 0.0142013 0.0144976 0.0144469 0.0140978 0.0146044 0.0147070 0.0141950 0.0161243 0.0161852 0.0167067 0.0169264 0.0165035 0.0163971 0.0168123 0.0161852 0.0210197 0.0165970 0.0187422 0.0169991 0.0167833 0.0114768 0.0111761 0.0113771 0.0218006 0.0215380 0.0204622 0.0166955 0.0166016 0.1736060 0.1662629 0.1737707 0.0565152 0.0211211 0.0161852 0.1752971 0.1698240 0.0172411 0.0142268 0.1700073 0.0562481 0.0142269 0.1705033 0.1731438 0.1698240 0.0247294 0.1734714 0.1741621 0.0310010 0.0185521 0.0149432 0.1699576 0.0169270 0.1679032 
MW122434.1_69.546448 0.0172843 0.0197353 0.0169097 0.0156192 0.0000000 0.0024507 0.0516642 0.0097301 0.0099284 0.0108594 0.0168673 0.0028471 0.0027488 0.0102208 0.0039405 0.0060450 0.0028464 0.0023530 0.0046407 0.0107423 0.0114012 0.0117043 0.0137182 0.0125260 0.0128357 0.0122136 0.0130209 0.0122115 0.0105285 0.0149609 0.0148560 0.0157195 0.0154028 0.0150831 0.0148533 0.0143107 0.0144333 0.0147485 0.0145484 0.0119224 0.1657192 0.0516762 0.0114044 0.0162144 0.0111709 0.0190255 0.0191324 0.0096201 0.1828098 0.0038412 0.0037413 0.0036428 0.0041449 0.0035421 0.0036413 0.0035421 0.0037411 0.0036413 0.0103276 0.0117107 0.0118152 0.0115970 0.0142210 0.0056309 0.1823795 0.0016618 0.0016618 0.0136768 0.0136809 0.0095191 0.0103656 0.1693006 0.1695921 0.1682769 0.1688004 0.1688004 0.0795177 0.0134622 0.0034451 0.0021540 0.0017599 0.0019573 0.0095044 0.0039416 0.0054413 0.1750399 0.0036397 0.0035423 0.1754956 0.0102533 0.0029469 0.0168504 0.0023530 0.0019568 0.0141188 0.0028462 0.0035403 0.0026507 0.0027479 0.0025505 0.0023529 0.0026483 0.0021564 0.0024519 0.0034424 0.0035436 0.0040425 0.0041419 0.0038440 0.0038431 0.0040425 0.0035436 0.0127372 0.0015637 0.0058460 0.0047357 0.0037389 0.0083872 0.0080811 0.0082856 0.0135949 0.0126240 0.0121977 0.0022507 0.0017610 0.1750399 0.1684712 0.1752100 0.0515417 0.0127354 0.0035436 0.1772518 0.1702812 0.0039398 0.0024527 0.1702804 0.0512850 0.0023530 0.1708919 0.1742220 0.1702812 0.0168504 0.1745604 0.1753755 0.0244673 0.0099110 0.0023538 0.1703286 0.0033429 0.1705912 
MW122415.1_70.052055 0.0191334 0.0216182 0.0187609 0.0176684 0.0024507 0.0000000 0.0531361 0.0115010 0.0117000 0.0127438 0.0187131 0.0043419 0.0042430 0.0119924 0.0054470 0.0073661 0.0041417 0.0040421 0.0059535 0.0127276 0.0132955 0.0136004 0.0156399 0.0143253 0.0146376 0.0140097 0.0146122 0.0140073 0.0123030 0.0166808 0.0165749 0.0176614 0.0172353 0.0170183 0.0165719 0.0163398 0.0163594 0.0164661 0.0164770 0.0138224 0.1678280 0.0531485 0.0130907 0.0180520 0.0129557 0.0208950 0.0210029 0.0115950 0.1840024 0.0053458 0.0052448 0.0051458 0.0056553 0.0050437 0.0051437 0.0050437 0.0052446 0.0051437 0.0118942 0.0137134 0.0138191 0.0134913 0.0158290 0.0071506 0.1835683 0.0032430 0.0031441 0.0152777 0.0152823 0.0112868 0.0122490 0.1710717 0.1713657 0.1700376 0.1705654 0.1705654 0.0821176 0.0150605 0.0049468 0.0036411 0.0032431 0.0034429 0.0112692 0.0054485 0.0069626 0.1768692 0.0049416 0.0050439 0.1773298 0.0118196 0.0044430 0.0186942 0.0038432 0.0032438 0.0157264 0.0043404 0.0048414 0.0039454 0.0042416 0.0040426 0.0038431 0.0041407 0.0036453 0.0039432 0.0047432 0.0050458 0.0055508 0.0056511 0.0053507 0.0053494 0.0055508 0.0050458 0.0145389 0.0030453 0.0072683 0.0062487 0.0050415 0.0101422 0.0098329 0.0100396 0.0151978 0.0142142 0.0137827 0.0023529 0.0032451 0.1768692 0.1702298 0.1770399 0.0530128 0.0145370 0.0050458 0.1776754 0.1717203 0.0054450 0.0039443 0.1717196 0.0527541 0.0038432 0.1723317 0.1760467 0.1717203 0.0186942 0.1763863 0.1772060 0.0261681 0.0116792 0.0038445 0.1717657 0.0046427 0.1721963 
KX377336.1_19.534247 0.0474769 0.0593161 0.0574164 0.0565022 0.0516642 0.0531361 0.0000000 0.0516736 0.0517554 0.0522201 0.0532000 0.0499861 0.0496501 0.0518795 0.0528405 0.0541128 0.0524437 0.0519478 0.0534383 0.0530241 0.0521880 0.0528847 0.0553677 0.0545211 0.0535278 0.0538873 0.0550001 0.0535687 0.0528814 0.0551456 0.0550253 0.0570058 0.0567510 0.0556983 0.0552533 0.0569898 0.0549733 0.0551330 0.0550184 0.0528696 0.1283616 0.0001852 0.0525484 0.0517330 0.0509343 0.0498745 0.0499915 0.0506719 0.1497744 0.0519078 0.0520224 0.0507842 0.0513245 0.0509821 0.0508661 0.0509821 0.0509939 0.0508661 0.0522423 0.0530387 0.0536330 0.0523593 0.0451975 0.0533491 0.1476333 0.0502455 0.0504813 0.0455242 0.0447793 0.0520713 0.0512281 0.1327546 0.1329914 0.1319537 0.1323811 0.1323811 0.1308050 0.0442986 0.0518647 0.0508243 0.0505584 0.0508243 0.0506728 0.0509556 0.0535004 0.1388028 0.0511030 0.0504792 0.1411776 0.0507753 0.0501448 0.0469842 0.0483175 0.0524961 0.0462319 0.0503989 0.0495718 0.0493363 0.0494185 0.0493309 0.0489730 0.0495549 0.0494448 0.0488378 0.0514275 0.0513487 0.0517229 0.0522917 0.0515123 0.0517325 0.0521138 0.0513637 0.0507291 0.0505975 0.0547186 0.0518543 0.0504827 0.0489515 0.0488003 0.0490670 0.0487402 0.0479511 0.0501101 0.0512548 0.0502576 0.1385831 0.1323023 0.1406008 0.0001856 0.0479325 0.0506370 0.1405928 0.1337960 0.0525877 0.0482088 0.1349402 0.0004655 0.0485191 0.1344782 0.1375541 0.1336604 0.0469842 0.1378561 0.1384520 0.0488054 0.0508157 0.0501250 0.1339422 0.0523932 0.1359064 
PP626404.1_69.500000 0.0187077 0.0218068 0.0178413 0.0168020 0.0097301 0.0115010 0.0516736 0.0000000 0.0053220 0.0107264 0.0175556 0.0097983 0.0097019 0.0119758 0.0131431 0.0132203 0.0121141 0.0117078 0.0118963 0.0140518 0.0112183 0.0115114 0.0134591 0.0153110 0.0156151 0.0151053 0.0157925 0.0150079 0.0133418 0.0152834 0.0151817 0.0159234 0.0155576 0.0142097 0.0151790 0.0146576 0.0140524 0.0150774 0.0145843 0.0116266 0.1648581 0.0517274 0.0111284 0.0172983 0.0106067 0.0203362 0.0204396 0.0092208 0.1792301 0.0106762 0.0107744 0.0103027 0.0107092 0.0104935 0.0105919 0.0104935 0.0106922 0.0105919 0.0132314 0.0115167 0.0118205 0.0115076 0.0154432 0.0140024 0.1785487 0.0106123 0.0106123 0.0150915 0.0145387 0.0004718 0.0102201 0.1649891 0.1652644 0.1640263 0.1645210 0.1645210 0.0860598 0.0147088 0.0105139 0.0108958 0.0104960 0.0106986 0.0126920 0.0109098 0.0123079 0.1728546 0.0104393 0.0103129 0.1727886 0.0094245 0.0097004 0.0182879 0.0082248 0.0110204 0.0157022 0.0098096 0.0090656 0.0084298 0.0085236 0.0084897 0.0083301 0.0086252 0.0084278 0.0082291 0.0103004 0.0101658 0.0106676 0.0108509 0.0104702 0.0104676 0.0107687 0.0101687 0.0144888 0.0102993 0.0129564 0.0114975 0.0107002 0.0078384 0.0075457 0.0077412 0.0149461 0.0142054 0.0133948 0.0113088 0.0102055 0.1728823 0.1640650 0.1738657 0.0518473 0.0142451 0.0101220 0.1715863 0.1667271 0.0112167 0.0082259 0.1676809 0.0513601 0.0082398 0.1671376 0.1714471 0.1665500 0.0182879 0.1717700 0.1727726 0.0251006 0.0114741 0.0098201 0.1670261 0.0105445 0.1675088 
PP626402.1_70.498630 0.0187756 0.0211671 0.0173071 0.0162717 0.0099284 0.0117000 0.0517554 0.0053220 0.0000000 0.0106181 0.0173367 0.0098333 0.0097365 0.0120187 0.0131322 0.0132093 0.0121041 0.0116981 0.0118884 0.0142579 0.0113214 0.0116145 0.0133571 0.0153034 0.0156074 0.0148943 0.0164025 0.0149953 0.0137388 0.0148694 0.0147680 0.0162278 0.0156468 0.0147173 0.0147654 0.0143466 0.0141466 0.0146640 0.0146787 0.0117211 0.1653681 0.0518095 0.0112609 0.0173503 0.0109350 0.0201905 0.0202941 0.0095429 0.1793629 0.0106676 0.0107657 0.0103395 0.0107475 0.0105310 0.0106298 0.0105310 0.0107305 0.0106298 0.0132350 0.0116199 0.0117237 0.0115108 0.0154990 0.0138472 0.1786779 0.0106503 0.0106503 0.0150840 0.0145912 0.0056539 0.0103556 0.1659992 0.1662768 0.1650273 0.1655262 0.1655262 0.0867189 0.0147618 0.0105515 0.0109348 0.0105335 0.0107369 0.0129373 0.0107507 0.0122998 0.1729555 0.0106291 0.0105475 0.1728892 0.0101517 0.0097350 0.0183542 0.0082540 0.0112163 0.0156013 0.0098447 0.0090595 0.0084231 0.0085168 0.0084829 0.0083235 0.0086183 0.0084211 0.0082225 0.0102941 0.0101597 0.0106611 0.0108442 0.0104638 0.0104612 0.0107622 0.0101625 0.0144005 0.0103361 0.0131556 0.0117375 0.0107385 0.0079638 0.0076700 0.0078662 0.0152078 0.0142566 0.0132427 0.0113493 0.0102420 0.1729834 0.1650639 0.1731014 0.0519300 0.0140950 0.0101583 0.1726870 0.1666664 0.0111477 0.0082552 0.1670737 0.0514408 0.0082692 0.1670791 0.1715409 0.1664886 0.0183542 0.1718653 0.1728728 0.0247794 0.0115151 0.0098552 0.1666995 0.0107410 0.1685320 
MT377501.2_70.890411 0.0196976 0.0223472 0.0131722 0.0121547 0.0108594 0.0127438 0.0522201 0.0107264 0.0106181 0.0000000 0.0189705 0.0110289 0.0109308 0.0128447 0.0142608 0.0141326 0.0132259 0.0126151 0.0130363 0.0144901 0.0065480 0.0068372 0.0089245 0.0157462 0.0160512 0.0157441 0.0167463 0.0154368 0.0140729 0.0102050 0.0101057 0.0115232 0.0110458 0.0100128 0.0101040 0.0096060 0.0093079 0.0100048 0.0096177 0.0069410 0.1653293 0.0522319 0.0067455 0.0185449 0.0077261 0.0209856 0.0210904 0.0047851 0.1798805 0.0116434 0.0117425 0.0112379 0.0117548 0.0117378 0.0118381 0.0117378 0.0119405 0.0118381 0.0137648 0.0064541 0.0073363 0.0069327 0.0163759 0.0153147 0.1794693 0.0118449 0.0118449 0.0158386 0.0145984 0.0106335 0.0056679 0.1662737 0.1665539 0.1652925 0.1657960 0.1657960 0.0868978 0.0156271 0.0117480 0.0121528 0.0117447 0.0119518 0.0137722 0.0118431 0.0134984 0.1728170 0.0118365 0.0117403 0.1729570 0.0065535 0.0111326 0.0192699 0.0092267 0.0123667 0.0163787 0.0109251 0.0100225 0.0093513 0.0094452 0.0094406 0.0090522 0.0095479 0.0096478 0.0091487 0.0112312 0.0111379 0.0116458 0.0117494 0.0114463 0.0114435 0.0117483 0.0111379 0.0148114 0.0117449 0.0141034 0.0129462 0.0119330 0.0051762 0.0048848 0.0050793 0.0160691 0.0155218 0.0144816 0.0122442 0.0118505 0.1728170 0.1654856 0.1729816 0.0521009 0.0156249 0.0111379 0.1730022 0.1668155 0.0122596 0.0092279 0.1668148 0.0518508 0.0092267 0.1674114 0.1720273 0.1668155 0.0192699 0.1723548 0.1733726 0.0260058 0.0123339 0.0103273 0.1668667 0.0119058 0.1686019 
MT377493.2_70.145205 0.0193215 0.0255911 0.0257426 0.0247708 0.0168673 0.0187131 0.0532000 0.0175556 0.0173367 0.0189705 0.0000000 0.0161866 0.0164996 0.0164947 0.0199168 0.0196696 0.0188469 0.0184263 0.0184576 0.0196661 0.0192922 0.0195921 0.0211215 0.0216013 0.0214858 0.0208510 0.0217686 0.0210735 0.0192373 0.0221540 0.0220489 0.0231382 0.0230804 0.0232528 0.0218345 0.0221282 0.0222371 0.0219397 0.0223758 0.0199232 0.1640059 0.0532559 0.0187740 0.0082666 0.0186205 0.0211598 0.0212640 0.0169617 0.1773241 0.0172843 0.0173850 0.0173341 0.0177643 0.0169163 0.0170181 0.0169163 0.0171231 0.0170181 0.0193483 0.0198111 0.0197052 0.0186515 0.0164391 0.0207728 0.1766430 0.0172560 0.0170520 0.0160274 0.0161416 0.0175712 0.0178247 0.1642890 0.1645665 0.1633195 0.1638181 0.1638181 0.0933640 0.0156961 0.0169501 0.0179571 0.0175385 0.0177526 0.0187854 0.0171501 0.0188394 0.1714085 0.0174245 0.0174537 0.1708516 0.0182237 0.0165026 0.0188982 0.0147581 0.0181068 0.0165479 0.0166176 0.0152004 0.0147753 0.0150811 0.0150202 0.0148846 0.0149848 0.0152909 0.0147785 0.0171183 0.0171602 0.0176830 0.0179269 0.0174796 0.0174751 0.0175840 0.0171650 0.0175966 0.0173346 0.0198973 0.0174536 0.0171359 0.0159203 0.0156130 0.0158187 0.0119491 0.0088528 0.0165165 0.0181849 0.0170305 0.1714351 0.1635201 0.1715539 0.0533803 0.0126714 0.0171578 0.1731937 0.1660395 0.0176228 0.0147601 0.1664456 0.0528843 0.0147856 0.1662949 0.1699947 0.1658620 0.0188982 0.1703201 0.1713290 0.0260809 0.0159772 0.0166369 0.1659143 0.0174264 0.1680096 
PP316140.1_74.917808 0.0167883 0.0196606 0.0168936 0.0156570 0.0028471 0.0043419 0.0499861 0.0097983 0.0098333 0.0110289 0.0161866 0.0000000 0.0006479 0.0100465 0.0056976 0.0053960 0.0047172 0.0043278 0.0047335 0.0107817 0.0115214 0.0118147 0.0138675 0.0121137 0.0124129 0.0118118 0.0126928 0.0118153 0.0102835 0.0150791 0.0149775 0.0159236 0.0155566 0.0153560 0.0149748 0.0147581 0.0145679 0.0148733 0.0148935 0.0121352 0.1599000 0.0500447 0.0115281 0.0158400 0.0111032 0.0186369 0.0187393 0.0097136 0.1758185 0.0036080 0.0037034 0.0034592 0.0038399 0.0028928 0.0029867 0.0028928 0.0030811 0.0029867 0.0099826 0.0117168 0.0121245 0.0117107 0.0136831 0.0069855 0.1732441 0.0035629 0.0031866 0.0134329 0.0132207 0.0098070 0.0107903 0.1613476 0.1616177 0.1604063 0.1608920 0.1608920 0.0770101 0.0129650 0.0039629 0.0038380 0.0034591 0.0036493 0.0094053 0.0034680 0.0048909 0.1678327 0.0035951 0.0033813 0.1680209 0.0102580 0.0027044 0.0163772 0.0022348 0.0037866 0.0140378 0.0026283 0.0032203 0.0025690 0.0026632 0.0024615 0.0022812 0.0025677 0.0020901 0.0023768 0.0032321 0.0033165 0.0037964 0.0039218 0.0036054 0.0036046 0.0038927 0.0033174 0.0126463 0.0033740 0.0053415 0.0040346 0.0032740 0.0082818 0.0079864 0.0081849 0.0133007 0.0122814 0.0116827 0.0040491 0.0034779 0.1675785 0.1603299 0.1701152 0.0501517 0.0123119 0.0032760 0.1684685 0.1629091 0.0039101 0.0023294 0.1649076 0.0499535 0.0022432 0.1633208 0.1660322 0.1627385 0.0163772 0.1663497 0.1673296 0.0233696 0.0095989 0.0016766 0.1633071 0.0034055 0.1632505 
PP316139.1_74.358904 0.0168916 0.0199831 0.0167943 0.0155580 0.0027488 0.0042430 0.0496501 0.0097019 0.0097365 0.0109308 0.0164996 0.0006479 0.0000000 0.0101458 0.0056007 0.0056895 0.0046207 0.0042314 0.0046347 0.0106842 0.0114233 0.0117166 0.0137686 0.0120155 0.0123147 0.0117137 0.0125947 0.0117172 0.0101861 0.0149800 0.0148784 0.0158241 0.0154570 0.0152557 0.0148758 0.0146592 0.0144690 0.0147743 0.0147944 0.0120369 0.1605508 0.0497083 0.0114307 0.0161516 0.0110062 0.0185377 0.0186402 0.0096170 0.1761773 0.0035129 0.0036082 0.0033655 0.0037460 0.0031751 0.0032691 0.0031751 0.0033637 0.0032691 0.0098853 0.0116187 0.0120263 0.0116127 0.0137846 0.0068908 0.1735954 0.0034689 0.0030928 0.0135360 0.0133221 0.0097095 0.0106935 0.1623081 0.1625793 0.1613624 0.1618498 0.1618498 0.0768884 0.0130658 0.0038683 0.0037442 0.0033654 0.0035556 0.0093099 0.0035641 0.0051884 0.1684961 0.0035004 0.0032872 0.1686836 0.0101617 0.0026110 0.0164802 0.0021416 0.0036893 0.0141413 0.0025343 0.0033162 0.0024737 0.0025680 0.0023668 0.0021860 0.0024724 0.0019950 0.0022816 0.0031369 0.0032216 0.0037013 0.0038260 0.0035104 0.0035095 0.0037976 0.0032225 0.0127483 0.0032801 0.0056427 0.0043194 0.0031803 0.0081863 0.0078910 0.0080894 0.0134020 0.0123818 0.0117827 0.0039547 0.0033838 0.1682410 0.1612830 0.1707901 0.0498146 0.0124127 0.0031822 0.1697711 0.1635515 0.0038145 0.0022361 0.1655622 0.0496155 0.0021496 0.1639624 0.1666895 0.1633800 0.0164802 0.1670075 0.1679893 0.0234775 0.0096974 0.0012091 0.1639514 0.0033080 0.1631509 
PP115590.1_67.498630 0.0172874 0.0202892 0.0199243 0.0188739 0.0102208 0.0119924 0.0518795 0.0119758 0.0120187 0.0128447 0.0164947 0.0100465 0.0101458 0.0000000 0.0134196 0.0133949 0.0122862 0.0120860 0.0123869 0.0144313 0.0137440 0.0140389 0.0159092 0.0157987 0.0161029 0.0154909 0.0165856 0.0154955 0.0139232 0.0173476 0.0172450 0.0187271 0.0180407 0.0173339 0.0172419 0.0167089 0.0163121 0.0171393 0.0171569 0.0143663 0.1632628 0.0519332 0.0137333 0.0158492 0.0132984 0.0186346 0.0187370 0.0118930 0.1775543 0.0110508 0.0111489 0.0109418 0.0113482 0.0107393 0.0108374 0.0107393 0.0109374 0.0108374 0.0136155 0.0139453 0.0143536 0.0135296 0.0142589 0.0144356 0.1765024 0.0110548 0.0110548 0.0138347 0.0137665 0.0120082 0.0126823 0.1648291 0.1651024 0.1638735 0.1643646 0.1643646 0.0868477 0.0135341 0.0114665 0.0115377 0.0111383 0.0113409 0.0131330 0.0113515 0.0123842 0.1715130 0.0110102 0.0110509 0.1717697 0.0125701 0.0103433 0.0170749 0.0084782 0.0116083 0.0144406 0.0101599 0.0090472 0.0085112 0.0087032 0.0084725 0.0085101 0.0088048 0.0089038 0.0084091 0.0106759 0.0107380 0.0112402 0.0114279 0.0110428 0.0110400 0.0113415 0.0107410 0.0133493 0.0109419 0.0132398 0.0117401 0.0109455 0.0105634 0.0102672 0.0104652 0.0135763 0.0130404 0.0118394 0.0117495 0.0110450 0.1715393 0.1635983 0.1729396 0.0520530 0.0132757 0.0107625 0.1715683 0.1660008 0.0115923 0.0084793 0.1673473 0.0515675 0.0084936 0.1664095 0.1698000 0.1658260 0.0170749 0.1701203 0.1711131 0.0240444 0.0005585 0.0102647 0.1662979 0.0110303 0.1658700 
OP858784.1_73.002732 0.0205382 0.0231024 0.0203833 0.0193179 0.0039405 0.0054470 0.0528405 0.0131431 0.0131322 0.0142608 0.0199168 0.0056976 0.0056007 0.0134196 0.0000000 0.0090701 0.0050099 0.0044241 0.0076719 0.0139316 0.0148062 0.0151047 0.0171151 0.0153985 0.0157044 0.0150891 0.0159852 0.0150866 0.0135143 0.0182361 0.0181322 0.0193154 0.0188936 0.0185013 0.0181289 0.0174832 0.0179201 0.0180250 0.0182584 0.0154268 0.1633439 0.0528526 0.0148115 0.0195840 0.0140602 0.0224899 0.0225959 0.0130288 0.1792374 0.0066867 0.0065874 0.0066870 0.0071886 0.0065860 0.0066842 0.0065860 0.0067837 0.0066842 0.0132152 0.0150050 0.0154248 0.0149970 0.0175046 0.0086541 0.1788242 0.0045188 0.0047145 0.0169601 0.0169652 0.0130377 0.0137778 0.1665997 0.1668817 0.1656120 0.1661186 0.1661186 0.0830121 0.0167458 0.0064929 0.0052035 0.0048117 0.0050088 0.0125004 0.0067871 0.0086657 0.1720665 0.0064848 0.0066856 0.1730349 0.0136633 0.0058971 0.0201063 0.0055030 0.0042911 0.0174040 0.0058931 0.0064855 0.0058004 0.0058950 0.0056993 0.0055037 0.0057965 0.0053089 0.0056016 0.0064866 0.0065887 0.0070849 0.0071834 0.0068885 0.0068868 0.0071847 0.0065887 0.0155111 0.0046174 0.0091138 0.0077691 0.0065831 0.0116009 0.0112969 0.0115001 0.0162499 0.0158048 0.0149674 0.0051026 0.0048147 0.1720665 0.1658056 0.1722322 0.0527205 0.0160227 0.0065887 0.1743689 0.1662967 0.0070803 0.0056033 0.1659728 0.0524687 0.0055030 0.1665723 0.1712719 0.1662967 0.0201063 0.1716017 0.1723936 0.0270161 0.0132128 0.0052084 0.1660262 0.0063166 0.1674339 
OP858774.1_71.213699 0.0195655 0.0227297 0.0198200 0.0187594 0.0060450 0.0073661 0.0541128 0.0132203 0.0132093 0.0141326 0.0196696 0.0053960 0.0056895 0.0133949 0.0090701 0.0000000 0.0078704 0.0074739 0.0079641 0.0142155 0.0144670 0.0147646 0.0168759 0.0156825 0.0159882 0.0153732 0.0162684 0.0153706 0.0137981 0.0180977 0.0179941 0.0187447 0.0182211 0.0181451 0.0179908 0.0179736 0.0175691 0.0178872 0.0174911 0.0150852 0.1629575 0.0541252 0.0146816 0.0187207 0.0141360 0.0212779 0.0213832 0.0127015 0.1787408 0.0065768 0.0066761 0.0065771 0.0068807 0.0037398 0.0036432 0.0037398 0.0037404 0.0036432 0.0132967 0.0150847 0.0150886 0.0148669 0.0169548 0.0103577 0.1783302 0.0065758 0.0065780 0.0164133 0.0164182 0.0131150 0.0136505 0.1649972 0.1652771 0.1640183 0.1645213 0.1645213 0.0817586 0.0162002 0.0062837 0.0070728 0.0066762 0.0068762 0.0125828 0.0068733 0.0049193 0.1715330 0.0067697 0.0055925 0.1723672 0.0135364 0.0049077 0.0191364 0.0053951 0.0069784 0.0168545 0.0057843 0.0063762 0.0056916 0.0057861 0.0055909 0.0053958 0.0056879 0.0052014 0.0054935 0.0063772 0.0064790 0.0069740 0.0070724 0.0067781 0.0067764 0.0070736 0.0064790 0.0155846 0.0064801 0.0048395 0.0041262 0.0066696 0.0114793 0.0111760 0.0113787 0.0160195 0.0151665 0.0146389 0.0071660 0.0066803 0.1715330 0.1642138 0.1716984 0.0539926 0.0154801 0.0064790 0.1737290 0.1671238 0.0065747 0.0054951 0.1671231 0.0537398 0.0053951 0.1677213 0.1707406 0.1671238 0.0191364 0.1710697 0.1718593 0.0264223 0.0130875 0.0052986 0.1671748 0.0066073 0.1677291 
OP858772.1_71.219178 0.0194653 0.0221233 0.0186748 0.0178337 0.0028464 0.0041417 0.0524437 0.0121141 0.0121041 0.0132259 0.0188469 0.0047172 0.0046207 0.0122862 0.0050099 0.0078704 0.0000000 0.0034523 0.0065511 0.0133098 0.0137660 0.0140634 0.0159507 0.0147702 0.0150751 0.0144619 0.0153560 0.0144595 0.0128945 0.0173827 0.0172793 0.0180327 0.0176138 0.0176394 0.0172762 0.0168408 0.0168617 0.0171728 0.0171967 0.0143828 0.1641027 0.0524556 0.0137708 0.0185169 0.0134321 0.0209826 0.0210879 0.0120015 0.1791974 0.0056988 0.0056001 0.0055035 0.0060005 0.0054027 0.0055013 0.0054027 0.0055999 0.0055013 0.0125961 0.0141731 0.0143810 0.0139568 0.0162424 0.0074595 0.1787860 0.0037403 0.0035470 0.0157033 0.0157080 0.0120096 0.0127435 0.1680763 0.1683591 0.1670843 0.1675923 0.1675923 0.0811958 0.0154910 0.0054082 0.0040325 0.0036437 0.0038389 0.0118841 0.0057983 0.0073399 0.1731409 0.0054979 0.0053045 0.1728560 0.0126306 0.0048161 0.0188283 0.0043279 0.0031093 0.0161422 0.0047157 0.0054984 0.0046225 0.0047172 0.0045228 0.0043285 0.0046195 0.0041347 0.0044257 0.0053042 0.0054059 0.0058983 0.0059962 0.0057030 0.0057016 0.0059973 0.0054059 0.0146670 0.0034505 0.0075737 0.0065793 0.0055956 0.0103785 0.0102801 0.0104821 0.0158286 0.0149706 0.0141378 0.0037396 0.0036459 0.1731409 0.1672754 0.1733062 0.0523239 0.0149770 0.0054059 0.1742156 0.1676073 0.0058945 0.0044270 0.1676066 0.0520726 0.0043279 0.1680427 0.1723476 0.1676073 0.0188283 0.1726765 0.1734671 0.0260152 0.0119804 0.0042316 0.1676575 0.0052106 0.1682966 
OP858770.1_71.126027 0.0186207 0.0215799 0.0186771 0.0176218 0.0023530 0.0040421 0.0519478 0.0117078 0.0116981 0.0126151 0.0184263 0.0043278 0.0042314 0.0120860 0.0044241 0.0074739 0.0034523 0.0000000 0.0059476 0.0126996 0.0125432 0.0130429 0.0153352 0.0143584 0.0146628 0.0140508 0.0149439 0.0140484 0.0124876 0.0165522 0.0164491 0.0170949 0.0169942 0.0163788 0.0164461 0.0162189 0.0160332 0.0163431 0.0161594 0.0133600 0.1625550 0.0519596 0.0129536 0.0180973 0.0130233 0.0207595 0.0208646 0.0113945 0.1793591 0.0053056 0.0052073 0.0051111 0.0056075 0.0050117 0.0051091 0.0050117 0.0052074 0.0051091 0.0121897 0.0135583 0.0135618 0.0131400 0.0158213 0.0070646 0.1789475 0.0033532 0.0031603 0.0152841 0.0152886 0.0116036 0.0119305 0.1670792 0.1673612 0.1660910 0.1665976 0.1665976 0.0807120 0.0150724 0.0050158 0.0036448 0.0032568 0.0034515 0.0114791 0.0054061 0.0070375 0.1715595 0.0049121 0.0051101 0.1725221 0.0120208 0.0044263 0.0181940 0.0039392 0.0027178 0.0157213 0.0043263 0.0051074 0.0042330 0.0043277 0.0041336 0.0039397 0.0042302 0.0036485 0.0040367 0.0049134 0.0050137 0.0055057 0.0056035 0.0053108 0.0053095 0.0056045 0.0050137 0.0140567 0.0030640 0.0074746 0.0061858 0.0052044 0.0101797 0.0098781 0.0100796 0.0149984 0.0143496 0.0139311 0.0037389 0.0032588 0.1715595 0.1662836 0.1717245 0.0518282 0.0145648 0.0050137 0.1730916 0.1666134 0.0055022 0.0040379 0.1666127 0.0515775 0.0039392 0.1672107 0.1707688 0.1666134 0.0181940 0.1710971 0.1718851 0.0256776 0.0117805 0.0038430 0.1666651 0.0049124 0.1675882 
OP858763.1_70.805479 0.0194308 0.0222346 0.0192662 0.0182885 0.0046407 0.0059535 0.0534383 0.0118963 0.0118884 0.0130363 0.0184576 0.0047335 0.0046347 0.0123869 0.0076719 0.0079641 0.0065511 0.0059476 0.0000000 0.0129151 0.0133800 0.0137888 0.0158275 0.0143031 0.0146149 0.0137701 0.0150075 0.0139856 0.0124907 0.0166558 0.0165502 0.0178476 0.0175280 0.0172049 0.0165471 0.0165251 0.0163290 0.0164415 0.0166639 0.0140108 0.1683900 0.0534509 0.0134882 0.0186686 0.0133513 0.0209695 0.0210773 0.0119900 0.1840550 0.0055377 0.0054369 0.0053379 0.0058474 0.0054357 0.0055357 0.0054357 0.0056377 0.0055357 0.0122888 0.0138959 0.0141110 0.0136797 0.0164400 0.0091883 0.1836210 0.0055369 0.0053369 0.0158871 0.0158920 0.0116819 0.0124384 0.1714606 0.1717548 0.1704254 0.1709536 0.1709536 0.0804536 0.0156694 0.0054409 0.0058414 0.0054369 0.0056410 0.0114577 0.0056405 0.0073556 0.1769559 0.0034398 0.0054359 0.1780668 0.0126343 0.0048348 0.0189915 0.0042345 0.0056394 0.0163374 0.0047319 0.0052331 0.0045361 0.0046331 0.0044340 0.0042345 0.0045321 0.0040368 0.0043346 0.0051351 0.0052380 0.0057428 0.0058431 0.0055429 0.0055415 0.0057428 0.0052380 0.0145164 0.0052371 0.0075692 0.0066410 0.0056333 0.0105367 0.0102272 0.0104340 0.0155946 0.0149266 0.0141780 0.0055359 0.0054403 0.1769559 0.1706170 0.1771264 0.0533151 0.0147236 0.0052380 0.1784949 0.1714779 0.0059394 0.0043359 0.1714772 0.0530564 0.0042345 0.1720889 0.1761343 0.1714779 0.0189915 0.1764736 0.1772923 0.0261171 0.0120735 0.0042360 0.1715237 0.0038390 0.1726203 
ON142674.1_74.010959 0.0206973 0.0243425 0.0217265 0.0208776 0.0107423 0.0127276 0.0530241 0.0140518 0.0142579 0.0144901 0.0196661 0.0107817 0.0106842 0.0144313 0.0139316 0.0142155 0.0133098 0.0126996 0.0129151 0.0000000 0.0155063 0.0158029 0.0179089 0.0073322 0.0076255 0.0070376 0.0076132 0.0070396 0.0050724 0.0193563 0.0192526 0.0205382 0.0200652 0.0191562 0.0192491 0.0192307 0.0184132 0.0191455 0.0187506 0.0161364 0.1643447 0.0530361 0.0157159 0.0195290 0.0151685 0.0223044 0.0224094 0.0137303 0.1805031 0.0122133 0.0123123 0.0119947 0.0125123 0.0118898 0.0119898 0.0118898 0.0120919 0.0119898 0.0052639 0.0163223 0.0157135 0.0156955 0.0172583 0.0154549 0.1800918 0.0119967 0.0119967 0.0167317 0.0169288 0.0139749 0.0147882 0.1647351 0.1650130 0.1637636 0.1642630 0.1642630 0.0889227 0.0165068 0.0119002 0.0125040 0.0120969 0.0123036 0.0045868 0.0120982 0.0137718 0.1736113 0.0118005 0.0117925 0.1742492 0.0143679 0.0112867 0.0202681 0.0093869 0.0124330 0.0173710 0.0109804 0.0101898 0.0095218 0.0096154 0.0096108 0.0094215 0.0097180 0.0098177 0.0093197 0.0117983 0.0119054 0.0124139 0.0124382 0.0122144 0.0122113 0.0125165 0.0119054 0.0163046 0.0118970 0.0141885 0.0128890 0.0118846 0.0127144 0.0124111 0.0126140 0.0172604 0.0160961 0.0156701 0.0125950 0.0120024 0.1736113 0.1639582 0.1737950 0.0529049 0.0167162 0.0118948 0.1742897 0.1673972 0.0123306 0.0093882 0.1673965 0.0526547 0.0093882 0.1679901 0.1728222 0.1673972 0.0202681 0.1731492 0.1741662 0.0272402 0.0139172 0.0102836 0.1674474 0.0117674 0.1683142 
ON142673.1_73.770492 0.0199985 0.0228810 0.0136843 0.0130672 0.0114012 0.0132955 0.0521880 0.0112183 0.0113214 0.0065480 0.0192922 0.0115214 0.0114233 0.0137440 0.0148062 0.0144670 0.0137660 0.0125432 0.0133800 0.0155063 0.0000000 0.0008503 0.0079181 0.0164716 0.0165664 0.0164695 0.0176800 0.0159560 0.0149937 0.0093954 0.0092967 0.0101055 0.0100332 0.0054168 0.0092951 0.0104997 0.0047764 0.0091964 0.0048792 0.0022788 0.1635622 0.0521998 0.0055605 0.0193631 0.0082119 0.0216026 0.0217075 0.0054588 0.1792819 0.0123561 0.0124555 0.0119357 0.0124549 0.0120269 0.0121272 0.0120269 0.0122297 0.0121272 0.0146780 0.0077218 0.0075275 0.0059418 0.0168795 0.0158155 0.1788711 0.0123392 0.0123393 0.0163530 0.0150979 0.0111377 0.0043939 0.1668048 0.1670858 0.1658204 0.1663252 0.1663252 0.0875551 0.0161285 0.0116363 0.0124466 0.0120382 0.0122456 0.0144778 0.0126425 0.0138112 0.1718866 0.0120418 0.0122343 0.1723539 0.0068423 0.0116254 0.0195702 0.0097159 0.0128869 0.0169921 0.0114173 0.0105231 0.0098528 0.0099466 0.0099419 0.0095529 0.0100498 0.0101500 0.0096495 0.0119392 0.0118460 0.0123562 0.0124834 0.0121560 0.0121529 0.0124592 0.0118460 0.0159239 0.0120383 0.0146563 0.0132357 0.0124270 0.0056580 0.0053652 0.0055600 0.0157467 0.0160229 0.0149804 0.0127391 0.0121442 0.1718866 0.1660128 0.1720707 0.0520688 0.0160184 0.0118354 0.1730241 0.1689227 0.0121696 0.0097173 0.1689220 0.0518188 0.0097173 0.1695175 0.1710964 0.1689227 0.0195702 0.1714244 0.1724426 0.0261990 0.0132311 0.0108201 0.1689709 0.0124250 0.1683926 
ON142672.1_73.497268 0.0200902 0.0231845 0.0139800 0.0133623 0.0117043 0.0136004 0.0528847 0.0115114 0.0116145 0.0068372 0.0195921 0.0118147 0.0117166 0.0140389 0.0151047 0.0147646 0.0140634 0.0130429 0.0137888 0.0158029 0.0008503 0.0000000 0.0082082 0.0167695 0.0168642 0.0167674 0.0179781 0.0162536 0.0152899 0.0096864 0.0095876 0.0103974 0.0103258 0.0055115 0.0095859 0.0105930 0.0048702 0.0094872 0.0051665 0.0023730 0.1637891 0.0528967 0.0058494 0.0196625 0.0085021 0.0219038 0.0220089 0.0057464 0.1791677 0.0126506 0.0127501 0.0122296 0.0127495 0.0123206 0.0124210 0.0123206 0.0125236 0.0124210 0.0149738 0.0080117 0.0080137 0.0062306 0.0171776 0.0159080 0.1787575 0.0126334 0.0126335 0.0166506 0.0153942 0.0114312 0.0047785 0.1665816 0.1668620 0.1655995 0.1661032 0.1661032 0.0876205 0.0164255 0.0119300 0.0127410 0.0123322 0.0125398 0.0147736 0.0129369 0.0141140 0.1721086 0.0125368 0.0125283 0.1722465 0.0071317 0.0119189 0.0196620 0.0100078 0.0131869 0.0172904 0.0117104 0.0108158 0.0101459 0.0102396 0.0102347 0.0098458 0.0103429 0.0104432 0.0099423 0.0122332 0.0121401 0.0126508 0.0127787 0.0124505 0.0124473 0.0127538 0.0121401 0.0160165 0.0123323 0.0149620 0.0135302 0.0127209 0.0059461 0.0056530 0.0058489 0.0160441 0.0163199 0.0152763 0.0130334 0.0124384 0.1721086 0.1657920 0.1722926 0.0527654 0.0163152 0.0121292 0.1732454 0.1694655 0.0124644 0.0100092 0.1694648 0.0525148 0.0100092 0.1700593 0.1713189 0.1694655 0.0196620 0.1716466 0.1726643 0.0266196 0.0135254 0.0111129 0.1695129 0.0127260 0.1689352 
ON142671.1_73.043716 0.0224641 0.0253901 0.0157586 0.0149291 0.0137182 0.0156399 0.0553677 0.0134591 0.0133571 0.0089245 0.0211215 0.0138675 0.0137686 0.0159092 0.0171151 0.0168759 0.0159507 0.0153352 0.0158275 0.0179089 0.0079181 0.0082082 0.0000000 0.0188927 0.0192022 0.0188903 0.0201120 0.0185844 0.0173894 0.0103936 0.0104929 0.0113162 0.0108428 0.0116343 0.0102927 0.0125265 0.0109025 0.0101935 0.0112169 0.0085170 0.1669294 0.0553805 0.0061473 0.0216095 0.0106087 0.0239842 0.0240904 0.0078155 0.1819679 0.0147186 0.0148190 0.0142896 0.0148184 0.0141822 0.0142837 0.0141822 0.0143877 0.0142837 0.0170682 0.0101129 0.0101154 0.0067258 0.0190973 0.0178029 0.1815514 0.0146985 0.0146986 0.0185630 0.0172894 0.0133813 0.0052702 0.1698917 0.1701766 0.1688907 0.1694023 0.1694023 0.0891427 0.0183331 0.0146011 0.0148086 0.0143939 0.0146051 0.0168662 0.0150057 0.0159392 0.1753133 0.0146012 0.0143883 0.1750311 0.0090252 0.0137711 0.0220291 0.0120375 0.0152979 0.0192125 0.0137613 0.0128571 0.0121848 0.0122784 0.0122725 0.0118810 0.0123836 0.0124852 0.0119780 0.0142937 0.0142009 0.0147188 0.0148525 0.0145164 0.0145126 0.0148235 0.0142009 0.0179132 0.0143940 0.0168110 0.0154055 0.0147848 0.0080183 0.0077224 0.0079200 0.0185791 0.0182260 0.0172697 0.0151027 0.0145022 0.1753133 0.1690794 0.1754986 0.0552470 0.0186410 0.0141881 0.1761742 0.1721484 0.0149458 0.0120391 0.1721477 0.0549932 0.0120392 0.1727433 0.1748474 0.1721484 0.0220291 0.1751766 0.1755425 0.0288771 0.0153892 0.0131573 0.1721920 0.0143174 0.1719359 
OR264647.1_76.202740 0.0225476 0.0256778 0.0227216 0.0218672 0.0125260 0.0143253 0.0545211 0.0153110 0.0153034 0.0157462 0.0216013 0.0121137 0.0120155 0.0157987 0.0153985 0.0156825 0.0147702 0.0143584 0.0143031 0.0073322 0.0164716 0.0167695 0.0188927 0.0000000 0.0027556 0.0034317 0.0092061 0.0021834 0.0066411 0.0200196 0.0199155 0.0213147 0.0204139 0.0195046 0.0199118 0.0199982 0.0191770 0.0198077 0.0195173 0.0170938 0.1678762 0.0545336 0.0166830 0.0216937 0.0161294 0.0241836 0.0242898 0.0146805 0.1829870 0.0134464 0.0135460 0.0132344 0.0137578 0.0131310 0.0132318 0.0131310 0.0133349 0.0132318 0.0054666 0.0170871 0.0170917 0.0164560 0.0190712 0.0168319 0.1825686 0.0133412 0.0131396 0.0185237 0.0182126 0.0152241 0.0157485 0.1670755 0.1673567 0.1660900 0.1665952 0.1665952 0.0901517 0.0183084 0.0132442 0.0138536 0.0134422 0.0136515 0.0059600 0.0136456 0.0151565 0.1770114 0.0129324 0.0133363 0.1773295 0.0157328 0.0126238 0.0221129 0.0107059 0.0137962 0.0190746 0.0121135 0.0115085 0.0108388 0.0109323 0.0109271 0.0107375 0.0110361 0.0111367 0.0106345 0.0130270 0.0131355 0.0136485 0.0137788 0.0134476 0.0134442 0.0137520 0.0131355 0.0182077 0.0132407 0.0158000 0.0142401 0.0132268 0.0134553 0.0131501 0.0133542 0.0188730 0.0178933 0.0167424 0.0139443 0.0133476 0.1770114 0.1662820 0.1771768 0.0544011 0.0183138 0.0131337 0.1764355 0.1695536 0.0137851 0.0107074 0.1695529 0.0541487 0.0107074 0.1701480 0.1765444 0.1695536 0.0221129 0.1765436 0.1775712 0.0291725 0.0152794 0.0116110 0.1696009 0.0130269 0.1696672 
OR264646.1_76.169863 0.0226416 0.0262108 0.0228244 0.0219697 0.0128357 0.0146376 0.0535278 0.0156151 0.0156074 0.0160512 0.0214858 0.0124129 0.0123147 0.0161029 0.0157044 0.0159882 0.0150751 0.0146628 0.0146149 0.0076255 0.0165664 0.0168642 0.0192022 0.0027556 0.0000000 0.0038159 0.0096995 0.0007566 0.0071289 0.0206445 0.0205402 0.0214090 0.0209280 0.0196000 0.0205364 0.0203081 0.0192715 0.0204320 0.0195078 0.0171885 0.1674721 0.0535400 0.0169894 0.0217878 0.0164344 0.0242775 0.0243837 0.0149836 0.1824263 0.0135457 0.0136454 0.0135352 0.0140596 0.0134317 0.0135325 0.0134317 0.0136358 0.0135325 0.0059527 0.0171879 0.0169867 0.0169671 0.0191657 0.0171374 0.1820095 0.0136423 0.0134405 0.0186181 0.0183070 0.0155284 0.0158433 0.1667452 0.1670258 0.1657620 0.1662662 0.1662662 0.0899220 0.0184028 0.0135453 0.0141554 0.0137434 0.0139531 0.0064466 0.0139471 0.0154675 0.1765984 0.0132329 0.0136373 0.1764516 0.0160376 0.0129238 0.0222069 0.0110034 0.0141033 0.0191691 0.0124128 0.0118069 0.0111373 0.0112308 0.0112254 0.0110359 0.0113348 0.0114355 0.0109327 0.0133274 0.0134363 0.0139500 0.0140811 0.0137490 0.0137455 0.0140537 0.0134363 0.0183087 0.0135417 0.0161140 0.0141373 0.0135274 0.0137568 0.0134512 0.0136556 0.0189676 0.0179878 0.0170480 0.0142459 0.0136488 0.1765984 0.1659543 0.1767637 0.0534081 0.0184082 0.0134344 0.1757581 0.1688977 0.0140875 0.0110049 0.1688970 0.0531568 0.0110049 0.1694921 0.1761319 0.1688977 0.0222069 0.1764608 0.1771577 0.0292658 0.0155828 0.0119097 0.1689459 0.0134383 0.1686896 
OR264645.1_75.964384 0.0218089 0.0255672 0.0225074 0.0216539 0.0122136 0.0140097 0.0538873 0.0151053 0.0148943 0.0157441 0.0208510 0.0118118 0.0117137 0.0154909 0.0150891 0.0153732 0.0144619 0.0140508 0.0137701 0.0070376 0.0164695 0.0167674 0.0188903 0.0034317 0.0038159 0.0000000 0.0089088 0.0032405 0.0063477 0.0199070 0.0198029 0.0213119 0.0204037 0.0195020 0.0197993 0.0199955 0.0191745 0.0196953 0.0192996 0.0170916 0.1677482 0.0538995 0.0166808 0.0211671 0.0161274 0.0232271 0.0233329 0.0146786 0.1820387 0.0131422 0.0132417 0.0129307 0.0134529 0.0128275 0.0129281 0.0128275 0.0130310 0.0129281 0.0052721 0.0170849 0.0170894 0.0164539 0.0183435 0.0165226 0.1816226 0.0130372 0.0128359 0.0177986 0.0175915 0.0150182 0.0157464 0.1657379 0.1660175 0.1647595 0.1652618 0.1652618 0.0895680 0.0175843 0.0129403 0.0135487 0.0131381 0.0133469 0.0056674 0.0133412 0.0148421 0.1760829 0.0128301 0.0130324 0.1763987 0.0155265 0.0123210 0.0213759 0.0104062 0.0134861 0.0183467 0.0118117 0.0112075 0.0105380 0.0106316 0.0106265 0.0104369 0.0107351 0.0108355 0.0103341 0.0127237 0.0128319 0.0133440 0.0134735 0.0131434 0.0131400 0.0134473 0.0128319 0.0174838 0.0129368 0.0154823 0.0139351 0.0129232 0.0134536 0.0131484 0.0133525 0.0185595 0.0171644 0.0164329 0.0136395 0.0130434 0.1760829 0.1649532 0.1762481 0.0537675 0.0177956 0.0128301 0.1758384 0.1697487 0.0134796 0.0104076 0.1697480 0.0535158 0.0104076 0.1703424 0.1752880 0.1697487 0.0213759 0.1756166 0.1766415 0.0283885 0.0149725 0.0113099 0.1697956 0.0126102 0.1684862 
